41
427
227
203
43
353
293
183
39
289
317
153
205
283
225
325
51
35
339
263
65
411
141
423
359
203
291
103
291
133
285
193
231
327
139
329
91
373
353
105
415
123
433
39
391
181
265
5
401
257
125
341
333
379
305
323
447
129
343
447
51
103
287
315
407
417
239
83
211
141
145
413
203
423
273
439
425
123
287
97
141
177
449
119
271
45
113
351
169
433
445
447
369
275
163
53
195
427
135
87
329
303
263
43
313
305
283
437
361
137
387
395
379
285
403
47
97
177
47
115
175
291
417
379
369
211
33
103
63
233
99
287
63
381
35
339
345
255
257
187
41
279
363
307
305
361
51
113
279
277
313
225
41
379
145
43
289
299
321
193
121
27
197
1
209
435
199
245
359
165
85
195
357
123
155
349
93
11
281
115
447
195
235
107
195
415
37
369
175
17
319
355
117
19
167
315
107
271
335
59
249
413
349
411
199
433
335
367
175
403
167
233
245
289
235
165
53
405
157
69
373
427
57
321
233
367
43
399
51
373
151
47
441
247
149
105
317
399
215
399
371
217
167
107
137
79
123
129
273
53
339
449
69
31
147
103
97
291
407
323
41
115
105
171
299
247
379
351
125
415
69
163
147
367
329
365
443
291
207
335
209
35
53
261
215
273
337
417
89
205
69
55
245
363
197
89
327
275
427
419
285
433
257
9
145
165
419
43
197
191
331
281
273
213
151
189
449
197
175
405
11
63
187
209
129
399
403
45
293
159
115
49
27
379
283
411
131
335
389
221
323
313
411
241
305
57
153
121
371
95
89
117
189
391
425
415
65
25
153
295
165
395
113
441
429
403
167
375
299
303
147
423
265
275
363
251
299
187
379
401
